1490    3.77E-08        9.48E-09
1690    2.73E-08        7.06E-09
1890    2.92E-08        6.44E-09
2090    2.89E-08        6.03E-09
2290    2.53E-08        4.54E-09
2490    2.16E-08        4.51E-09
2690    2.29E-08        4.01E-09
2890    1.69E-08        3.46E-09
3090    1.57E-08        3.00E-09
3290    1.36E-08        3.18E-09
3490    1.25E-08        2.26E-09
3690    1.27E-08        2.14E-09
3890    1.44E-08        2.11E-09
4090    1.48E-08        1.91E-09
4290    1.31E-08        2.21E-09
4490    1.36E-08        2.18E-09
4690    1.86E-08        2.82E-09
4890    1.43E-08        2.54E-09
5090    1.42E-08        2.38E-09
5290    2.03E-08        2.99E-09
5490    2.08E-08        3.08E-09
5690    1.81E-08        3.18E-09
5890    2.01E-08        4.27E-09
6090    2.12E-08        4.15E-09
6290    2.88E-08        6.24E-09
6490    2.63E-08        6.32E-09
6690    3.00E-08        9.89E-09
6890    2.35E-08        7.96E-09
7090    2.22E-08        1.03E-08