1257.5 8.59E-09  4.94E-09
1369.5 1.13E-08  6.41E-09
1481.5 1.43E-08  8.02E-09
1593.5 1.24E-08  6.88E-09
1705.5 1.23E-08  6.73E-09
1817.5 1.26E-08  6.81E-09
1929.5 9.37E-09  4.99E-09
2041.5 7.57E-09  3.98E-09
2153.5 9.21E-09  4.78E-09
2265.5 7.14E-09  3.66E-09
2377.5 5.33E-09  2.70E-09
2489.5 5.50E-09  2.75E-09
2601.5 5.61E-09  2.77E-09
2713.5 6.67E-09  3.25E-09
2825.5 1.05E-08  5.04E-09
2937.5 7.74E-09  3.67E-09
3049.5 7.44E-09  3.48E-09
3161.5 8.96E-09  4.14E-09
3273.5 1.17E-08  5.33E-09
3385.5 1.52E-08  6.86E-09
3497.5 1.39E-08  6.19E-09
3609.5 1.16E-08  5.09E-09
3721.5 1.09E-08  4.72E-09
3833.5 1.03E-08  4.39E-09
3945.5 1.28E-08  5.40E-09
4057.5 1.42E-08  5.91E-09
4169.5 1.04E-08  4.26E-09
4281.5 8.89E-09  3.61E-09
4393.5 9.74E-09  3.91E-09
4505.5 9.90E-09  3.92E-09
4617.5 1.01E-08  3.93E-09
4729.5 1.07E-08  4.15E-09
4841.5 1.48E-08  5.62E-09
4953.5 1.40E-08  5.27E-09
5065.5 1.70E-08  6.30E-09
5177.5 1.73E-08  6.33E-09
5289.5 1.98E-08  7.17E-09
5401.5 2.00E-08  7.15E-09
5513.5 2.05E-08  7.23E-09
5625.5 2.11E-08  7.35E-09
5737.5 2.55E-08  8.76E-09
5849.5 2.19E-08  7.43E-09





















































































