2396.36     8.93247e-11     7.7471e-11
2396.36     8.90732e-11     7.72529e-11
2396.36     8.90732e-11     7.72529e-11
2894.5     1.07053e-10     9.46841e-11
2894.5     1.0462e-10     9.25322e-11
2894.5     1.04326e-10     9.22717e-11
2894.5     1.04326e-10     9.22717e-11
2936.2     1.06256e-10     9.66172e-11
2936.2     1.05957e-10     9.63452e-11
2936.2     1.05957e-10     9.63452e-11
3401.36     1.43507e-10     1.25378e-10
3401.36     1.43912e-10     1.25732e-10
3401.36     1.47259e-10     1.28656e-10
3401.36     1.43507e-10     1.25378e-10
3452.91     1.45657e-10     1.3447e-10
3452.91     1.41946e-10     1.31044e-10
3452.91     1.41946e-10     1.31044e-10
3452.91     1.42347e-10     1.31414e-10
3903.79     1.62965e-10     1.51599e-10
3903.79     1.59261e-10     1.48154e-10
3903.79     1.60027e-10     1.48866e-10
3903.79     1.60027e-10     1.48866e-10
3948.75     1.64048e-10     1.48425e-10
3948.75     1.64048e-10     1.48425e-10
3948.75     1.64512e-10     1.48844e-10
3948.75     1.68337e-10     1.52305e-10
4398.3     1.99817e-10     1.81612e-10
4398.3     1.96215e-10     1.78338e-10
4398.3     1.95275e-10     1.77484e-10
4398.3     1.96215e-10     1.78338e-10
4443.7     1.9539e-10     1.8519e-10
4443.7     1.98977e-10     1.88589e-10
4443.7     1.94455e-10     1.84303e-10
4443.7     1.9539e-10     1.8519e-10
4893.44     2.38125e-10     2.09076e-10
4893.44     2.43663e-10     2.13938e-10
4893.44     2.3927e-10     2.10082e-10
4893.44     2.3927e-10     2.10082e-10
4938.75     2.40728e-10     2.23843e-10
4938.75     2.36389e-10     2.19808e-10
4938.75     2.35257e-10     2.18756e-10
4938.75     2.36389e-10     2.19808e-10
5393.33     2.86358e-10     2.46107e-10
5393.33     2.86358e-10     2.46107e-10
5393.33     2.84987e-10     2.44929e-10
5393.33     2.91615e-10     2.50625e-10
5444.56     2.84136e-10     2.56847e-10
5444.56     2.84136e-10     2.56847e-10
5444.56     2.89352e-10     2.61562e-10
5444.56     2.82776e-10     2.55617e-10
5946.13     3.77752e-10     3.37455e-10
5946.13     3.77752e-10     3.37455e-10
5946.13     3.75944e-10     3.3584e-10
5946.13     3.84687e-10     3.4365e-10