1100  2.02E-09  1.94E-09
1300  2.39E-09  2.30E-09
1500  2.77E-09  2.66E-09
1700  3.16E-09  3.03E-09
1900  3.55E-09  3.41E-09
2100  3.95E-09  3.80E-09
2300  4.36E-09  4.19E-09
2500  4.77E-09  4.59E-09
2700  5.20E-09  5.00E-09
2900  5.64E-09  5.42E-09
3100  6.09E-09  5.85E-09
3300  6.55E-09  6.29E-09
3500  7.03E-09  6.75E-09
3700  7.52E-09  7.22E-09
3900  8.03E-09  7.71E-09
4100  8.55E-09  8.22E-09
4300  9.10E-09  8.74E-09
4500  9.67E-09  9.29E-09
4700  1.03E-08  9.86E-09
4900  1.09E-08  1.05E-08
5100  1.15E-08  1.11E-08
5300  1.22E-08  1.17E-08
5500  1.29E-08  1.24E-08
5700  1.37E-08  1.31E-08
5900  1.44E-08  1.39E-08
6100  1.53E-08  1.47E-08
6300  1.61E-08  1.55E-08
6500  1.70E-08  1.64E-08
6700  1.80E-08  1.73E-08
6900  1.90E-08  1.83E-08
