1100 2.65E-09 2.55E-09
1300 3.15E-09 3.03E-09
1500 3.66E-09 3.52E-09
1700 4.18E-09 4.01E-09
1900 4.71E-09 4.52E-09
2100 5.25E-09 5.04E-09
2300 5.80E-09 5.57E-09
2500 6.37E-09 6.12E-09
2700 6.96E-09 6.69E-09
2900 7.57E-09 7.27E-09
3100 8.20E-09 7.88E-09
3300 8.86E-09 8.51E-09
3500 9.55E-09 9.17E-09
3700 1.03E-08 9.86E-09
3900 1.10E-08 1.06E-08
4100 1.18E-08 1.13E-08
4300 1.26E-08 1.21E-08
4500 1.35E-08 1.30E-08
4700 1.44E-08 1.39E-08
4900 1.54E-08 1.48E-08
5100 1.65E-08 1.58E-08
5300 1.76E-08 1.69E-08
5500 1.88E-08 1.80E-08
5700 2.01E-08 1.93E-08
5900 2.14E-08 2.06E-08
6100 2.29E-08 2.20E-08
6300 2.46E-08 2.36E-08
6500 2.63E-08 2.53E-08
6700 2.82E-08 2.71E-08
6900 3.03E-08 2.91E-08

